000000193121
000000293591
000000084706
000000140661
000000368818
000000387136
000000386633
000000454695
000000095381
000000063845
000000421773
000000203062
000000315622
000000289813
000000431014
000000317169
000000000974
000000440015
000000575978
000000077027
000000276664
000000184377
000000004125
000000561168
000000349376
000000469728
000000415964
000000091675
000000456127
000000051076
000000024257
000000421010
000000011075
000000481200
000000373218
000000030864
000000021801
000000217864
000000070411
000000227484
000000090872
000000287970
000000016038
000000258027
000000182551
000000487058
000000061814
000000296769
000000017095
000000472097
000000161937
000000514016
000000178307
000000237230
000000228274
000000393493
000000407768
000000176462
000000436975
000000168803
000000457599
000000540547
000000087735
000000249921
000000391321
000000326510
000000188140
000000463325
000000099421
000000106970
000000256742
000000532085
000000401045
000000219338
000000249277
000000201664
000000008292
000000390567
000000531778
000000330922
000000484301
000000083060
000000561102
000000072382
000000079143
000000443272
000000100863
000000047198
000000388568
000000095363
000000158167
000000222726
000000464469
000000353588
000000420446
000000547083
000000524471
000000236211
000000175238
000000079645
000000414917
000000367767
000000015468
000000484281
000000364458
000000007621
000000279060
000000271441
000000394659
000000361738
000000267106
000000485614
000000337902
000000223950
000000471107
000000536884
000000030163
000000501634
000000564493
000000089384
000000010211
000000205409
000000083599
000000112031
000000103863
000000472108
000000067568
000000073109
000000013182
000000542426
000000013283
000000442654
000000472376
000000027452
000000024081
000000420398
000000140831
000000144115
000000057298
000000235683
000000376436
000000083125
000000414877
000000304360
000000485413
000000310607
000000324580
000000084821
000000129201
000000461189
000000083557
000000576030
000000477025
000000029671
000000267988
000000059868
000000384592
000000007729
000000286010
000000510812
000000426551
000000391548
000000090359
000000358086
000000571848
000000125117
000000436411
000000445338
000000016575
000000272405
000000026665
000000352088
000000018529
000000284756
000000012109
000000392905
000000434389
000000502959
000000229837
000000080960
000000157636
000000352841
000000385494
000000316802
000000102348
000000233868
000000375180
000000378618
000000327047
000000286576
000000452676
000000294397
000000083654
000000469082
000000472169
000000448985
000000363624
000000455015
000000490720
000000397514
000000258460
000000536109
000000038628
000000145280
000000019719
000000069826
000000029833
000000050609
000000074357
000000119247
000000199422
000000439940
000000167964
000000160171
000000370124
000000215012
000000147866
000000072788
000000468722
000000239706
000000173776
000000106351
000000120782
000000447842
000000147442
000000140696
000000533800
000000327332
000000308167
000000444392
000000139040
000000381875
000000251379
000000002258
000000576752
000000484273
000000059648
000000034732
000000243442
000000204174
000000010176
000000265233
000000521922
000000128667
000000432414
000000186035
000000075090
000000130749
000000203653
000000550979
000000264514
000000422391
000000409897
000000489475
000000308549
000000395888
000000369603
000000160443
000000403935
000000158718
000000531283
000000536519
000000147042
000000178553
000000516470
000000041710
000000463613
000000133200
000000118748
000000510980
000000038963
000000214106
000000523883
000000428740
000000390001
000000256838
000000301977
000000408846
000000356788
000000202645
000000408805
000000543740
000000295896
000000363023
000000039043
000000314725
000000414249
000000509698
000000290137
000000108430
000000395170
000000497160
000000205121
000000322261
000000063676
000000095854
000000135332
000000252911
000000408568
000000307379
000000067515
000000012711
000000113333
000000188017
000000483297
000000484033
000000083658
000000357301
000000397664
000000456730
000000145264
000000376858
000000142825
000000093590
000000534045
000000047752
000000203955
000000562851
000000137699
000000542027
000000488146
000000544094
000000341354
000000296139
000000322975
000000026323
000000337422
000000012213
000000351807
000000060387
000000210680
000000360408
000000553534
000000144533
000000525163
000000308327
000000536798
000000574541
000000378183
000000190372
000000074573
000000434370
000000540890
000000109423
000000165707
000000365313
000000477785
000000294035
000000440302
000000009941
000000501116
000000239611
000000301453
000000323322
000000359568
000000060622
000000323467
000000075791
000000501594
000000090560
000000089902
000000381610
000000390017
000000088183
000000449770
000000142847
000000125720
000000080303
000000011449
000000345014
000000079356
000000004130
000000133426
000000342122
000000442506
000000226011
000000443749
000000332159
000000144079
000000481144
000000378147
000000485064
000000168703
000000361222
000000065358
000000533281
000000180085
000000383085
000000147122
000000071726
000000563514
000000280857
000000069536
000000235916
000000046085
000000059949
000000502397
000000244011
000000322402
000000169763
000000443999
000000230769
000000426714
000000355622
000000231536
000000248167
000000553871
000000240586
000000159495
000000025974
000000137830
000000422253
000000011360
000000162547
000000443278
000000056752
000000525218
000000543090
000000505126
000000142191
000000383154
000000302740
000000568717
000000328797
000000225183
000000020251
000000576850
000000174989
000000024991
000000212688
000000330650
000000196675
000000150893
000000107960
000000222625
000000525087
000000007772
000000461847
000000066309
000000183949
000000550356
000000227134
000000412101
000000468243
000000406332
000000502148
000000111235
000000409220
000000381994
000000507570
000000391029
000000453096
000000114335
000000204640
000000214587
000000005745
000000287725
000000490475
000000005755
000000187181
000000261858
000000222324
000000499155
000000075427
000000208824
000000470799
000000264618
000000162230
000000204891
000000124142
000000179242
000000313627
000000248645
000000227265
000000370029
000000457225
000000065024
000000221094
000000036718
000000524786
000000271063
000000109231
000000533799
000000201727
000000215691
000000247465
000000467705
000000131969
000000289866
000000051476
000000563605
000000504499
000000022118
000000259565
000000149230
000000057794
000000304110
000000437789
000000257958
000000528116
000000532610
000000561670
000000113893
000000292183
000000146676
000000141852
000000168609
000000274074
000000272588
000000007735
000000000797
000000324342
000000174211
000000509766
000000227433
000000011294
000000496444
000000177090
000000312299
000000156747
000000189278
000000309087
000000084680
000000203400
000000076159
000000371282
000000122913
000000397938
000000449681
000000038332
000000088634
000000206377
000000415768
000000435452
000000277073
000000386377
000000559884
000000509891
000000113123
000000360101
000000172158
000000269945
000000058766
000000549496
000000178181
000000230661
000000369470
000000147538
000000122869
000000483027
000000089540
000000255937
000000366927
000000023444
000000138239
000000400507
000000018819
000000071328
000000308739
000000518638
000000285998
000000006339
000000437852
000000274784
000000420769
000000260395
000000212782
000000292146
000000090751
000000398045
000000099817
000000102667
000000386640
000000251920
000000193095
000000254714
000000063661
000000079069
000000391392
000000044509
000000487851
000000136453
000000119666
000000538588
000000479712
000000531657
000000571764
000000177775
000000298071
000000322239
000000235681
000000426824
000000422192
000000476054
000000515202
000000058106
000000190884
000000532419
000000299381
000000094926
000000251860
000000188973
000000239174
000000418964
000000054899
000000329806
000000278660
000000199743
000000104790
000000037868
000000230227
000000144436
000000161084
000000101959
000000334285
000000049860
000000483836
000000126182
000000302551
000000357219
000000032566
000000048759
000000204943
000000141441
000000508818
000000279388
000000426762
000000411645
000000300979
000000147972
000000073626
000000422899
000000520898
000000012429
000000097427
000000311691
000000474622
000000015085
000000441445
000000236023
000000100975
000000053064
000000199403
000000411941
000000476517
000000123180
000000380115
000000431146
000000531069
000000145180
000000257448
000000047659
000000534070
000000240093
000000098197
000000309292
000000271828
000000465697
000000315641
000000552066
000000446764
000000203843
000000497698
000000414156
000000468013
000000190043
000000047893
000000438331
000000558166
000000513993
000000029426
000000499799
000000403222
000000320290
000000212187
000000374114
000000488406
000000518553
000000315136
000000513999
000000123535
000000071441
000000369202
000000229142
000000038274
000000138995
000000301657
000000411690
000000541251
000000446815
000000083283
000000351386
000000482929
000000347104
000000571737
000000334291
000000016209
000000488789
000000110392
000000340844
000000064510
000000390723
000000108655
000000554740
000000342342
000000539067
000000304518
000000181179
000000320253
000000084701
000000340537
000000544299
000000223194
000000486081
000000292719
000000499007
000000275413
000000336675
000000490016
000000274860
000000162488
000000573349
000000506141
000000400430
000000132313
000000393094
000000503567
000000047481
000000135694
000000575612
000000095517
000000197561
000000439374
000000503250
000000468162
000000309519
000000183884
000000357644
000000505611
000000292901
000000049092
000000297906
000000022158
000000548014
000000098693
000000048150
000000407593
000000088931
000000194752
000000203472
000000203775
000000018563
000000511436
000000470720
000000417588
000000503541
000000173825
000000367619
000000487349
000000464087
000000121366
000000220234
000000070255
000000030752
000000246446
000000498890
000000262229
000000337883
000000148937
000000435187
000000369461
000000385705
000000006016
000000180989
000000561339
000000268570
000000470613
000000144660
000000545309
000000205047
000000262848
000000547308
000000161941
000000324339
000000044911
000000522868
000000034535
000000525265
000000525027
000000480311
000000338741
000000219859
000000374174
000000441387
000000268510
000000071476
000000065336
000000558927
000000049777
000000214725
000000288600
000000496151
000000185125
000000060547
000000191314
000000451287
000000379038
000000511781
000000220655
000000274758
000000230735
000000314376
000000330959
000000091960
000000463616
000000181296
000000027451
000000328372
000000320351
000000372309
000000071603
000000418070
000000513609
000000282479
000000544601
000000066507
000000287039
000000171584
000000558656
000000379965
000000472426
000000226080
000000560131
000000505082
000000537844
000000074446
000000324999
000000022113
000000252873
000000533003
000000295655
000000503196
000000273416
000000236714
000000420546
000000085647
000000388962
000000424982
000000081660
000000111406
000000249810
000000314370
000000559047
000000110434
000000219313
000000258026
000000435466
000000282707
000000337833
000000424866
000000500694
000000577507
000000397522
000000400940
000000038026
000000056580
000000487757
000000383158
000000104502
000000565310
000000143221
000000294968
000000079628
000000578171
000000549427
000000521480
000000024629
000000295480
000000495014
000000272480
000000208648
000000023315
000000068435
000000344456
000000330054
000000547770
000000003716
000000163175
000000387678
000000541496
000000025481
000000455532
000000380932
000000368844
000000575837
000000334197
000000165513
000000525668
000000146254
000000266825
000000322634
000000386854
000000385425
000000350278
000000380325
000000553774
000000366316
000000411642
000000014219
000000139192
000000575627
000000545874
000000051465
000000356791
000000255226
000000450378
000000531575
000000215341
000000428305
000000355413
000000022680
000000435929
000000107797
000000554319
000000501138
000000290153
000000433938
000000479358
000000063681
000000144809
000000083766
000000159446
000000013258
000000234956
000000214984
000000138192
000000156308
000000362718
000000061478
000000102357
000000058464
000000304409
000000266847
000000531552
000000320752
000000268239
000000078782
000000401594
000000393403
000000165960
000000431573
000000279387
000000403398
000000077980
000000345456
000000153880
000000267586
000000487698
000000197651
000000247858
000000541764
000000148240
000000310669
000000232661
000000300123
000000573527
000000310703
000000361603
000000262514
000000111543
000000146276
000000160597
000000391016
000000378968
000000135149
000000095990
000000002964
000000329726
000000004471
000000094842
000000484090
000000192722
000000095283
000000244465
000000013574
000000399276
000000378977
000000005913
000000084158
000000089253
000000299207
000000499164
000000359472
000000469834
000000264699
000000302230
000000391745
000000449705
000000035951
000000309285
000000111737
000000548734
000000038321
000000300542
000000383173
000000560260
000000113504
000000544371
000000553310
000000149645
000000159427
000000115638
000000372112
000000396213
000000526401
000000506808
000000425187
000000042413
000000261670
000000002083
000000398514
000000172087
000000208371
000000390378
000000282130
000000206791
000000488463
000000559395
000000536201
000000511463
000000272132
000000545200
000000315565
000000206583
000000560723
000000467256
000000135392
000000143490
000000045071
000000444691
000000414948
000000131207
000000302077
000000148969
000000133688
000000182112
000000026208
000000452782
000000564142
000000527184
000000129801
000000210528
000000082815
000000224505
000000493235
000000432686
000000283383
000000351553
000000441385
000000485770
000000137475
000000567077
000000459113
000000101265
000000222858
000000260883
000000197568
000000520980
000000323116
000000479531
000000177524
000000320812
000000323502
000000275695
000000536950
000000177604
000000472922
000000087286
000000480894
000000520039
000000548713
000000212633
000000357584
000000086708
000000476761
000000099628
000000431228
000000207739
000000239888
000000515072
000000512140
000000286471
000000023541
000000561763
000000137583
000000114917
000000456602
000000498493
000000213457
000000097260
000000246478
000000373753
000000202931
000000097939
000000295693
000000038722
000000356358
000000051851
000000359775
000000199876
000000347558
000000530781
000000352173
000000132193
000000395491
000000152238
000000008401
000000032667
000000510949
000000347511
000000057828
000000539746
000000421791
000000102461
000000349017
000000494785
000000337158
000000337354
000000147545
000000481391
000000495641
000000250440
000000048791
000000179763
000000134832
000000276582
000000434264
000000492705
000000205202
000000297604
000000165334
000000078314
000000530876
000000529542
000000399512
000000341137
000000163782
000000371758
000000352185
000000158105
000000574014
000000169660
000000395978
000000032244
000000221257
000000405007
000000069675
000000018098
000000132795
000000013670
000000495519
000000064089
000000408660
000000362314
000000489369
000000184703
000000126253
000000145738
000000282855
000000158169
000000202752
000000374685
000000382999
000000036559
000000379771
000000407566
000000124594
000000502425
000000530384
000000218558
000000183020
000000519738
000000328008
000000365918
000000341010
000000261342
000000568082
000000570138
000000433296
000000214274
000000253674
000000194510
000000172173
000000361208
000000511279
000000472130
000000361746
000000186165
000000167693
000000344174
000000580461
000000463785
000000213356
000000480663
000000358048
000000535579
000000338248
000000427767
000000234220
000000097733
000000206083
000000532810
000000186145
000000301764
000000042862
000000528019
000000417586
000000445306
000000119966
000000321242
000000467137
000000423039
000000426202
000000507017
000000577623
000000457824
000000577979
000000275613
000000317838
000000039814
000000503616
000000504257
000000183007
000000183811
000000006936
000000365366
000000452695
000000029538
000000021963
000000417164
000000214463
000000319350
000000026162
000000116663
000000313705
000000532286
000000353543
000000313116
000000193481
000000188479
000000364561
000000039040
000000143089
000000283323
000000275642
000000286124
000000384883
000000183982
000000405660
000000551793
000000108548
000000167189
000000576247
000000502311
000000385589
000000192816
000000049673
000000555627
000000116334
000000487957
000000110724
000000438844
000000022032
000000538420
000000028007
000000079632
000000297300
000000264268
000000299409
000000444502
000000066299
000000188165
000000212074
000000507918
000000230133
000000349919
000000092274
000000196460
000000542928
000000063782
000000579337
000000386785
000000206735
000000033900
000000317805
000000406550
000000295476
000000410808
000000442840
000000130508
000000116131
000000460442
000000426377
000000375841
000000273704
000000219285
000000561885
000000424367
000000536417
000000126080
000000418348
000000332432
000000376263
000000337188
000000184531
000000082300
000000028650
000000312450
000000135326
000000112182
000000243071
000000031625
000000477826
000000183273
000000240033
000000126408
000000104629
000000092559
000000441663
000000050778
000000146163
000000007665
000000236866
000000514327
000000537090
000000386058
000000336341
000000087135
000000575574
000000573827
000000188440
000000367375
000000459644
000000532605
000000466797
000000043016
000000190297
000000316477
000000392183
000000112816
000000497466
000000252567
000000123788
000000284964
000000266756
000000016335
000000002823
000000241797
000000100669
000000431219
000000374005
000000434673
000000009648
000000292893
000000390110
000000013879
000000197330
000000337264
000000291784
000000139475
000000131087
000000189839
000000292314
000000457276
000000436717
000000261280
000000520978
000000294838
000000073445
000000114060
000000536204
000000525039
000000526958
000000268838
000000569037
000000205769
000000265378
000000470937
000000318184
000000542959
000000491118
000000493526
000000487642
000000250800
000000242807
000000316801
000000320926
000000526360
000000342347
000000123848
000000275371
000000178798
000000376763
000000174229
000000497119
000000244665
000000286033
000000571405
000000077408
000000396455
000000440311
000000471900
000000381758
000000193471
000000412826
000000197632
000000515590
000000022953
000000493717
000000325243
000000208165
000000381384
000000411083
000000255402
000000487571
000000279777
000000366489
000000297866
000000445046
000000469961
000000354321
000000162178
000000294107
000000323341
000000195437
000000540656
000000040635
000000539141
000000254990
000000390334
000000001510
000000481049
000000507749
000000289693
000000020460
000000565326
000000575502
000000426161
000000315808
000000137884
000000110693
000000515508
000000050753
000000072549
000000318857
000000129977
000000553165
000000062710
000000395311
000000398767
000000322604
000000454685
000000047425
000000107661
000000203466
000000302312
000000577129
000000509700
000000305247
000000572174
000000462211
000000153577
000000379357
000000461183
000000513123
000000359909
000000308470
000000501700
000000376372
000000053533
000000293723
000000387604
000000532710
000000486257
000000151499
000000081620
000000526491
000000433124
000000015558
000000125100
000000279763
000000317527
000000471097
000000292537
000000461123
000000212044
000000421488
000000463308
000000320354
000000399325
000000101703
000000065271
000000103488
000000090350
000000123749
000000100169
000000469464
000000478903
000000089012
000000130851
000000089391
000000305940
000000343820
000000531253
000000541949
000000002278
000000554367
000000051866
000000354721
000000561464
000000265173
000000134496
000000321804
000000552463
000000387887
000000101626
000000277346
000000446152
000000355272
000000010743
000000132393
000000421131
000000466054
000000021639
000000404655
000000219462
000000562777
000000574138
000000255934
000000548703
000000170048
000000556453
000000417141
000000054696
000000340278
000000303891
000000019129
000000285042
000000377893
000000007319
000000035843
000000465269
000000373789
000000053344
000000321971
000000345536
000000096030
000000046353
000000449422
000000124647
000000376773
000000270984
000000175281
000000023392
000000250083
000000291822
000000461968
000000553081
000000198169
000000056632
000000573807
000000368066
000000319743
000000186074
000000558101
000000081054
000000111750
000000017244
000000083602
000000042418
000000034167
000000125998
000000006338
000000390184
000000110530
000000278867
000000133257
000000109486
000000275830
000000531852
000000576883
000000361687
000000307020
000000401526
000000370513
000000493004
000000355477
000000576799
000000063488
000000208761
000000442808
000000542676
000000507927
000000493923
000000567357
000000423842
000000518323
000000099108
000000355186
000000237254
000000354533
000000402505
000000289805
000000310989
000000198495
000000405606
000000274907
000000381482
000000052644
000000147000
000000335065
000000351253
000000178682
000000428149
000000353351
000000072525
000000153190
000000272033
000000411617
000000090201
000000390068
000000483135
000000087880
000000554664
000000262747
000000340263
000000471339
000000461170
000000325441
000000141101
000000251103
000000439758
000000108100
000000403132
000000188935
000000396779
000000354853
000000153154
000000058443
000000466196
000000480268
000000352176
000000446014
000000429573
000000452454
000000343057
000000386936
000000561724
000000019240
000000167656
000000048034
000000327202
000000063306
000000539966
000000519838
000000404033
000000387504
000000196065
000000451515
000000374800
000000074853
000000192291
000000161246
000000475725
000000126238
000000075230
000000093826
000000499915
000000391728
000000247909
000000022951
000000051717
000000324670
000000445668
000000143263
000000138760
000000394905
000000488563
000000085846
000000302603
000000476493
000000175729
000000438811
000000101586
000000472393
000000415020
000000282143
000000201111
000000234210
000000307523
000000156701
000000027937
000000497202
000000428530
000000548711
000000387215
000000467674
000000190595
000000549746
000000272615
000000164515
000000402708
000000284307
000000205157
000000496826
000000165555
000000339130
000000070687
000000051471
000000290498
000000554082
000000029915
000000332238
000000061844
000000296021
000000125761
000000161304
000000480502
000000217165
000000127388
000000440387
000000198441
000000392683
000000432569
000000033732
000000127268
000000474012
000000365319
000000111277
000000299008
000000267008
000000220408
000000104811
