000000335857
000000413092
000000106351
000000299794
000000103430
000000516712
000000036652
000000283743
000000414670
000000116037
000000145734
000000581668
000000546658
000000478683
000000238933
000000062244
000000467956
000000076654
000000112358
000000074780
000000324400
000000154680
000000554541
000000571916
000000446093
000000342650
000000503155
000000477079
000000412301
000000146503
000000432138
000000129041
000000151236
000000377412
000000403078
000000238187
000000132132
000000115912
000000114317
000000333862
000000389249
000000575307
000000036098
000000215847
000000518383
000000082411
000000155323
000000010858
000000334852
000000299100
000000446726
000000196766
000000346672
000000209133
000000038546
000000356086
000000458549
000000262274
000000116696
000000314254
000000067974
000000536562
000000570418
000000406725
000000462386
000000448969
000000056651
000000363549
000000009408
000000331790
000000254520
000000018794
000000187278
000000494456
000000426880
000000381826
000000554859
000000182812
000000174496
000000419466
000000448463
000000198054
000000022775
000000154869
000000436662
000000313381
000000439445
000000365194
000000471658
000000209449
000000386043
000000455252
000000200348
000000579206
000000276842
000000282711
000000324340
000000202527
000000357303
000000065087
000000126631
000000462984
000000368476
000000332912
000000097825
000000044472
000000059352
000000471113
000000562381
000000313647
000000372182
000000463724
000000438623
000000137029
000000365792
000000168833
000000058231
000000123359
000000170976
000000471376
000000068778
000000176716
000000009999
000000317514
000000556246
000000139249
000000256535
000000010005
000000063953
000000366025
000000237100
000000237357
000000290846
000000178236
000000461491
000000106046
000000282707
000000382625
000000239670
000000014004
000000211408
000000475295
000000308878
000000307800
000000416851
000000574645
000000246231
000000091942
000000314741
000000059454
000000140690
000000259434
000000521994
000000172556
000000363581
000000574497
000000511786
000000100801
000000181576
000000237225
000000207500
000000335534
000000178053
000000264504
000000440212
000000232432
000000463778
000000237818
000000133294
000000457822
000000320780
000000166716
000000370827
000000416315
000000181030
000000426551
000000089629
000000408239
000000126538
000000378905
000000451275
000000114316
000000111148
000000052383
000000549885
000000000192
000000272129
000000581572
000000143263
000000171546
000000531803
000000038910
000000089651
000000297522
000000070987
000000223384
000000443592
000000404766
000000513727
000000155775
000000559086
000000004859
000000575128
000000274632
000000519795
000000533041
000000109986
000000347328
000000343734
000000262508
000000199989
000000363522
000000348047
000000399138
000000431342
000000569526
000000286132
000000174157
000000085098
000000141952
000000093068
000000115804
000000403826
000000010711
000000326892
000000576247
000000119036
000000346132
000000421437
000000183990
000000264365
000000072650
000000545072
000000038900
000000167741
000000007072
000000418726
000000306585
000000243962
000000112437
000000555625
000000336563
000000045942
000000554621
000000361291
000000193863
000000168963
000000291189
000000426348
000000489207
000000169089
000000426733
000000344902
000000092894
000000362951
000000321511
000000366028
000000258905
000000408484
000000223790
000000054750
000000372430
000000244822
000000214030
000000191340
000000138207
000000072947
000000381664
000000112604
000000067127
000000316181
000000413811
000000012357
000000403571
000000282251
000000003124
000000472146
000000322177
000000076762
000000208945
000000161941
000000262148
000000323370
000000295196
000000543762
000000213305
000000117690
000000133622
000000416103
000000309104
000000580248
000000284406
000000014244
000000200812
000000556752
000000322080
000000439084
000000525705
000000124004
000000517889
000000462908
000000288609
000000435358
000000518769
000000180539
000000183166
000000129129
000000334019
000000455156
000000457123
000000207019
000000268654
000000401589
000000478304
000000079792
000000441858
000000394190
000000236760
000000487851
000000207980
000000307197
000000009045
000000555538
000000392615
000000069286
000000355717
000000442231
000000532583
000000487914
000000411295
000000220951
000000062896
000000080652
000000095854
000000456724
000000412136
000000400033
000000458727
000000051484
000000288023
000000202918
000000202118
000000235906
000000387678
000000446301
000000382693
000000130132
000000022799
000000546584
000000091581
000000407685
000000070724
000000478977
000000259087
000000539124
000000023251
000000180764
000000185091
000000081100
000000152505
000000460392
000000368629
000000402326
000000379402
000000359059
000000033297
000000319134
000000172425
000000115305
000000106470
000000244557
000000425822
000000482929
000000385916
000000513266
000000026024
000000484414
000000051639
000000098510
000000060167
000000022626
000000224907
000000283863
000000349322
000000220367
000000576030
000000418180
000000194043
000000062557
000000109766
000000275190
000000355678
000000051525
000000135538
000000176509
000000321344
000000560472
000000482885
000000105800
000000099341
000000034121
000000479081
000000487548
000000164262
000000178426
000000180662
000000366139
000000239205
000000318284
000000214888
000000351528
000000126027
000000483074
000000324018
000000011461
000000358730
000000337902
000000468253
000000492040
000000488571
000000092288
000000164863
000000566175
000000390756
000000234994
000000253580
000000285360
000000517140
000000254194
000000457275
000000213674
000000517306
000000381923
000000571764
000000154354
000000349614
000000384983
000000302102
000000442416
000000555494
000000112582
000000135694
000000421873
000000175439
000000171371
000000232598
000000427762
000000229969
000000017352
000000299116
000000342549
000000337607
000000515202
000000075708
000000060604
000000417315
000000532565
000000056896
000000484281
000000138975
000000525360
000000334845
000000251370
000000071232
000000067269
000000210259
000000118862
000000021383
000000398423
000000375045
000000546847
000000528284
000000295628
000000227207
000000505098
000000517748
000000007961
000000423498
000000169003
000000400869
000000134705
000000180067
000000516401
000000457796
000000031081
000000561783
000000412666
000000303897
000000570545
000000534633
000000049731
000000379922
000000315242
000000577140
000000246549
000000434410
000000566088
000000330487
000000262229
000000285634
000000187442
000000048204
000000522569
000000527532
000000105580
000000504747
000000167337
000000396997
000000255708
000000387463
000000076681
000000424412
000000116316
000000176910
000000144760
000000572561
000000002849
000000096048
000000237337
000000196758
000000339295
000000566634
000000425155
000000501293
000000049194
000000016246
000000362314
000000532263
000000138905
000000279438
000000488689
000000516380
000000070854
000000413324
000000408327
000000425462
000000465844
000000210777
000000229312
000000459665
000000154589
000000002429
000000109488
000000523456
000000575020
000000579136
000000132585
000000466838
000000355647
000000193383
000000383090
000000174229
000000315641
000000349052
000000507489
000000368844
000000550438
000000087593
000000365218
000000268892
000000112394
000000144230
000000557830
000000215405
000000559159
000000368746
000000183893
000000294585
000000447767
000000217856
000000011625
000000535282
000000111244
000000108859
000000169679
000000246629
000000073353
000000155125
000000168334
000000221609
000000372117
000000367626
000000103579
000000513936
000000432981
000000002697
000000218941
000000273469
000000093487
000000530599
000000061219
000000329054
000000338288
000000344410
000000091110
000000164908
000000167006
000000445493
000000147122
000000198768
000000210658
000000275412
000000460673
000000302740
000000041482
000000160628
000000504620
000000340674
000000297357
000000471028
000000518124
000000161996
000000463306
000000074369
000000097514
000000466037
000000573248
000000037955
000000192181
000000232760
000000203965
000000375882
000000565399
000000484485
000000224759
000000243946
000000431817
000000214725
000000416918
000000396890
000000297370
000000368204
000000083761
000000262951
000000525666
000000369859
000000288246
000000243296
000000134769
000000558748
000000511580
000000475588
000000019714
000000206427
000000301558
000000424337
000000195568
000000189153
000000465369
000000371717
000000215582
000000410400
000000460188
000000380271
000000179462
000000323722
000000465412
000000442518
000000405216
000000345400
000000154382
000000091743
000000546395
000000210729
000000413225
000000244978
000000310391
000000053317
000000477497
000000004021
000000028174
000000391492
000000522489
000000000394
000000246007
000000153052
000000461517
000000272671
000000173185
000000523373
000000255849
000000182503
000000163608
000000572441
000000099336
000000164286
000000163589
000000137274
000000135576
000000162520
000000082462
000000064439
000000469762
000000373960
000000062716
000000439573
000000222492
000000248446
000000219335
000000246918
000000555606
000000229491
000000211326
000000375665
000000443429
000000290656
000000083134
000000534655
000000533134
000000352111
000000221282
000000418844
000000275608
000000197689
000000161451
000000249251
000000333749
000000381723
000000235486
000000042661
000000462899
000000436722
000000231322
000000444263
000000090237
000000491921
000000041449
000000444080
000000503148
000000372727
000000415001
000000574178
000000512658
000000379316
000000005699
000000288673
000000409627
000000559234
000000505757
000000079076
000000070257
000000009317
000000072007
000000119118
000000386876
000000417355
000000199641
000000006790
000000117677
000000526021
000000024106
000000192858
000000496090
000000183398
000000345137
000000084038
000000549978
000000297417
000000283476
000000355746
000000340736
000000536087
000000164680
000000575756
000000254775
000000181422
000000244122
000000260748
000000473516
000000108865
000000149498
000000526040
000000407974
000000146272
000000257838
000000523701
000000175703
000000265815
000000112409
000000048284
000000289972
000000236141
000000157016
000000087864
000000013230
000000178526
000000386783
000000340420
000000362289
000000375743
000000485163
000000043206
000000552880
000000133090
000000500603
000000272603
000000056118
000000264092
000000558656
000000012902
000000391269
000000330220
000000203669
000000041097
000000013983
000000017312
000000494222
000000387976
000000541017
000000519438
000000007673
000000047225
000000571825
000000218711
000000023275
000000456670
000000573206
000000106517
000000226959
000000297765
000000575822
000000090678
000000259761
000000469347
000000537698
000000382731
000000383348
000000491467
000000248956
000000069320
000000101575
000000487349
000000397318
000000011360
000000402867
000000461715
000000209056
000000360101
000000518948
000000254454
000000358297
000000106874
000000372620
000000390052
000000137150
000000075871
000000288955
000000254481
000000278001
000000089912
000000420146
000000104166
000000154798
000000467572
000000190921
000000468894
000000084386
000000485757
000000050158
000000156763
000000552365
000000552066
000000549635
000000234699
000000214199
000000255317
000000316759
000000402621
000000206198
000000179599
000000334139
000000065012
000000436564
000000402569
000000504744
000000579773
000000309152
000000575574
000000522791
000000032845
000000248733
000000017216
000000015846
000000374351
000000040606
000000362031
000000266436
000000404517
000000302576
000000075170
000000142229
000000510152
000000464812
000000360175
000000362469
000000119157
000000153827
000000429241
000000146701
000000032578
000000286478
000000470072
000000517975
000000299850
000000086243
000000364680
000000447681
000000462663
000000469599
000000557122
000000026506
000000056480
000000120357
000000347793
000000181763
000000509411
000000271591
000000133119
000000202800
000000278237
000000084284
000000437808
000000444866
000000492286
000000057006
000000013662
000000181949
000000540122
000000189631
000000014750
000000020611
000000133554
000000008593
000000207775
000000507769
000000327811
000000150636
000000426035
000000357317
000000362591
000000282766
000000334441
000000184751
000000060775
000000330387
000000114830
000000207184
000000141554
000000197959
000000301218
000000312292
000000199913
000000133654
000000162882
000000143874
000000385305
000000551679
000000562628
000000464967
000000226424
000000318261
000000526360
000000556758
000000472831
000000445908
000000205460
000000021452
000000369811
000000207548
000000232262
000000424110
000000576822
000000529391
000000522298
000000357759
000000449345
000000412519
000000204664
000000097595
000000548583
000000126433
000000043776
000000082143
000000512764
000000092684
000000086797
000000557246
000000157793
000000462022
000000567789
000000311619
000000061882
000000560757
000000284783
000000133641
000000062858
000000529065
000000127629
000000204321
000000396754
000000409184
000000199432
000000122099
000000250978
000000008196
000000289883
000000328592
000000215462
000000152648
000000201069
000000498283
000000017927
000000554125
000000062397
000000504030
000000012313
000000307263
000000094619
000000513810
000000326182
000000228300
000000229150
000000532543
000000060979
000000041570
000000218379
000000110596
000000304601
000000153123
000000210642
000000275939
000000230707
000000027862
000000298527
000000427946
000000460833
000000569052
000000477310
000000140088
000000576286
000000253030
000000395406
000000360613
000000146439
000000376089
000000242620
000000325206
000000238197
000000364237
000000099537
000000277503
000000115544
000000520852
000000489949
000000528802
000000054001
000000399178
000000066088
000000222411
000000084558
000000529956
000000521404
000000214460
000000474034
000000502104
000000274509
000000576389
000000115465
000000386553
000000090351
000000060319
000000132290
000000043561
000000327177
000000516244
000000266827
000000398331
000000556505
000000032679
000000200181
000000131961
000000051791
000000537124
000000281431
000000349310
000000311808
000000333474
000000533638
000000361623
000000453029
000000286144
000000199639
000000056158
000000472707
000000516948
000000178606
000000225329
000000394880
000000514161
000000560495
000000021776
000000374325
000000270524
000000298981
000000178177
000000109889
000000570917
000000223776
000000152623
000000578317
000000074241
000000207349
000000342787
000000185334
000000233430
000000509698
000000073996
000000308125
000000453140
000000269786
000000225693
000000029706
000000486605
000000116941
000000544261
000000455257
000000146972
000000384391
000000323397
000000188630
000000479990
000000269462
000000577464
000000237060
000000368474
000000223091
000000050591
000000341693
000000179950
000000014180
000000122750
000000204015
000000302498
000000574648
000000084352
000000174135
000000500032
000000454783
000000541643
000000223123
000000318904
000000456433
000000302481
000000422389
000000503068
000000230334
000000068005
000000543181
000000013892
000000167642
000000197568
000000400046
000000476032
000000101931
000000581827
000000081287
000000250809
000000073549
000000484549
000000041924
000000558378
000000439938
000000085728
000000440811
000000107144
000000148373
000000175263
000000343264
000000387933
000000493212
000000022080
000000537726
000000505043
000000033938
000000088875
000000212868
000000006066
000000242034
000000186038
000000477097
000000384140
000000210097
000000132746
000000480490
000000188747
000000105363
000000009474
000000191874
000000376422
000000031106
000000344271
000000473612
000000281646
000000346712
000000463825
000000106754
000000068439
000000388726
000000293382
000000442638
000000387883
000000332861
000000217720
000000224505
000000247858
000000484384
000000337325
000000199093
000000191468
000000132189
000000180667
000000247318
000000237355
000000199822
000000181885
000000327507
000000452236
000000289515
000000483737
000000143841
000000430345
000000335255
000000459884
000000353494
000000566908
000000187103
000000192247
000000139758
000000423769
000000446351
000000467332
000000024285
000000419387
000000511988
000000232699
000000095809
000000096566
000000263995
000000001306
000000018750
000000192954
000000079927
000000351419
000000311143
000000528157
000000335566
000000473733
000000497009
000000278963
000000532211
000000162993
000000195317
000000084211
000000466752
000000090020
000000114256
000000253413
000000019622
000000003375
000000149440
000000347099
000000563597
000000153946
000000455657
000000026221
000000058753
000000040498
000000392148
000000306173
000000546854
000000108287
000000032681
000000403135
000000115274
000000006744
000000141723
000000416786
000000501785
000000110423
000000568090
000000572069
000000122231
000000294421
000000277544
000000348865
000000143908
000000528906
000000371117
000000173791
000000115823
000000515701
000000122453
000000287586
000000513299
000000214087
000000101586
000000212122
000000151170
000000517455
000000012464
000000421639
000000042975
000000009767
000000554159
000000278449
000000549501
000000402332
000000255495
000000298297
000000509700
000000018866
000000404205
000000163302
000000174005
000000360191
000000384626
000000307114
000000074828
000000051453
000000317939
000000257615
000000378331
000000337745
000000575343
000000316438
000000148807
000000534275
000000548452
000000050672
000000032258
000000525939
000000222833
000000238772
000000251206
000000412510
000000095211
000000143616
000000568854
000000551042
000000364429
000000277050
000000203416
000000188956
000000500962
000000429715
000000484371
000000033698
000000422563
000000032301
000000109707
000000036281
000000388935
000000578713
000000459643
000000521419
000000155373
000000106315
000000387169
000000321841
000000271435
000000108708
000000056509
000000574537
000000451324
000000340242
000000322659
000000282346
000000472614
000000278988
000000081188
000000201476
000000439720
000000260545
000000185229
000000403198
000000459471
000000085019
000000458143
000000348197
000000555956
000000340922
000000060155
000000184822
000000094760
000000289382
000000396692
000000078771
000000240862
000000094770
000000414373
000000359340
000000159828
000000521150
000000037119
000000192196
000000141053
000000194012
000000411478
000000175653
000000543612
000000268018
000000569196
000000239793
000000026367
000000029189
000000219393
000000274986
000000154008
000000091989
000000231862
000000440372
000000189280
000000045648
000000160607
000000527599
000000219798
000000333546
000000268523
000000040114
000000254079
000000407699
000000484163
000000163933
000000055092
000000087135
000000130971
000000037925
000000322698
000000335217
000000032203
000000438985
000000150126
000000328780
000000328727
000000043433
000000115519
000000127235
000000339766
000000147179
000000244487
000000404428
000000457360
000000324401
000000414477
000000496879
000000112212
000000339974
000000406097
000000081585
000000355559
000000540285
000000471731
000000450991
000000223458
000000562461
000000374806
000000518010
000000334059
000000302552
000000543683
000000412285
000000391011
000000519649
000000369633
000000197120
000000168243
000000448425
000000122899
000000069136
000000333099
000000514650
000000366501
000000197690
000000209188
000000434522
000000577520
000000316928
000000020090
000000079513
000000249988
000000061983
000000162646
000000313921
000000065245
000000516503
000000480747
000000456136
000000345047
000000026967
000000455355
000000496683
000000534733
000000286157
000000281285
000000288501
000000500690
000000265063
000000315728
000000548141
000000478198
000000176527
000000342766
000000123570
000000308047
000000359098
000000157230
000000177289
000000087604
000000003899
000000306552
000000046674
000000475765
000000411674
000000389150
000000447663
000000462807
000000500717
000000080328
000000243955
000000261688
000000052631
000000283659
000000054563
000000252581
000000387655
000000411505
000000376843
000000470703
000000009851
000000411844
000000189345
000000124861
000000315611
000000204471
000000437711
000000493448
000000530500
000000224503
000000230273
000000466797
000000103877
000000137385
000000541687
000000488965
000000298014
000000266031
000000083482
000000097131
000000008024
000000550995
000000120234
000000326937
000000404666
000000348609
000000435690
000000025758
000000297488
000000292258
000000535666
000000328786
000000260247
000000280687
000000037882
000000460364
000000202855
000000391678
000000012284
000000122203
000000519610
000000149645
000000546117
000000304221
000000462037
000000116268
000000144539
000000521400
000000546154
000000555602
000000494257
000000333247
000000479617
000000293510
000000478736
000000478857
000000211593
000000511546
000000397121
000000144130
000000292226
000000403888
000000026942
000000187473
000000114979
000000350133
000000449781
000000186956
000000286181
000000267201
000000502262
000000569893
000000329421
000000284192
000000390539
000000020177
000000337007
000000285486
000000315218
000000053037
000000187119
000000328437
000000537170
000000291915
000000337013
000000150512
000000524844
000000027556
000000133275
000000362509
000000546646
000000390366
000000523244
000000109050
000000188113
000000256220
000000545944
000000416345
000000341113
000000474472
000000121619
000000210437
000000261945
000000564611
000000286116
000000034321
000000166533
000000140487
000000240009
000000432494
000000086075
000000522898
000000504039
000000417298
000000072546
000000497483
000000305954
000000333995
000000063081
000000012115
000000162801
000000448868
000000158451
000000437199
000000403374
000000055298
000000183504
000000559778
000000109177
000000232972
000000182411
000000388928
000000183890
000000274804
000000007650
000000287084
000000508449
000000228683
000000075423
000000462709
000000560025
000000118162
000000514550
000000007567
000000496307
000000438858
000000189103
000000377854
000000468276
000000248087
000000186205
000000271580
000000234633
000000202086
000000505963
000000387248
000000346083
000000242002
000000540473
000000264752
000000217379
000000128012
000000566062
000000287974
000000210276
000000462211
000000492772
000000030719
000000490462
000000166871
000000003197
000000047804
000000151537
000000434379
000000062459
000000109340
000000340771
000000406981
000000561047
000000459303
000000484369
000000388534
000000305366
000000291854
000000175281
000000561145
000000228764
000000418134
000000094702
000000558134
000000127381
000000160509
000000036805
000000051642
000000352257
000000260117
000000222199
000000056499
000000482505
000000237326
000000540436
000000134286
000000266153
000000026185
000000303485
000000095999
000000402448
000000209018
000000426086
000000029524
000000532219
000000478599
000000516517
000000172925
000000170273
000000328088
000000152737
000000454659
000000577946
000000282835
000000051630
000000004903
000000002346
000000410704
000000301549
000000173538
000000272282
000000342921
000000038317
000000363119
000000353347
000000493245
000000292493
000000390310
000000399512
000000155588
000000226243
000000006180
000000407607
000000094589
000000354527
000000514071
000000538380
000000499536
000000138094
000000290354
000000348841
000000578900
000000486451
000000226801
000000560910
000000290398
000000284379
000000094625
000000131869
000000526756
000000415608
000000005355
000000435479
000000053660
000000238260
000000297617
000000475169
000000227736
000000177361
000000284920
000000577385
000000514881
000000566798
000000054083
000000559282
000000357549
000000569024
000000199165
000000571636
000000137281
000000444270
000000250790
000000127912
000000333058
000000146933
000000141342
000000424623
000000534428
000000509675
000000531614
000000457672
000000479443
000000104591
000000021747
000000251700
000000150541
000000155823
000000442630
000000328069
000000183107
000000278174
000000509695
000000354827
000000244721
000000321852
000000397587
000000567008
000000334158
000000498265
000000103108
000000092794
000000507318
000000378416
000000516592
000000408368
000000193051
000000473044
000000542854
000000559438
000000155172
000000197917
000000247925
000000260639
000000538792
000000246053
000000216805
000000581539
000000289012
000000505492
000000467256
000000466766
000000279974
000000379232
000000337188
000000570275
000000207003
000000387264
000000254074
000000038336
000000376941
000000245414
000000530635
000000233627
000000160610
000000210791
000000169143
000000049069
000000089285
000000031374
000000105679
000000507342
000000372788
000000084363
000000110045
000000345822
000000191073
000000076607
000000526568
000000402977
000000485268
000000471860
000000312433
000000056129
000000330726
000000007220
000000284703
000000360323
000000532461
000000421447
000000493724
000000578698
000000477483
000000140700
000000007616
000000195826
000000109076
000000392961
000000369357
000000297921
000000025138
000000016758
000000562778
000000489524
000000248835
000000500987
000000312826
000000102405
000000208347
000000153994
000000365711
000000258559
000000437556
000000473936
000000205352
000000159601
000000030299
000000553869
000000126751
000000058577
000000454611
000000054218
000000186589
000000175477
000000493417
000000549962
000000122142
000000120643
000000434164
000000358890
000000357023
000000517777
000000046519
000000325915
000000226913
000000469559
000000291144
000000546091
000000123974
000000427544
000000232762
000000135478
000000077557
000000169634
000000167680
000000445990
000000308292
000000278731
000000403427
000000492171
000000405111
000000361085
000000517636
000000010779
000000222145
000000472776
000000326207
000000375200
000000217205
000000198625
000000141922
000000480053
000000085171
000000408736
000000561156
000000008991
000000419609
000000137809
000000179532
000000413719
000000308470
000000377326
000000477491
000000031596
000000556542
000000322119
000000248850
000000004421
000000457797
000000368049
000000534711
000000151300
000000386847
000000575978
000000291550
000000090125
000000450977
000000053450
000000556554
000000137362
000000550405
000000020436
000000497621
000000017707
000000036459
000000396871
000000193359
000000565087
000000074913
000000222625
000000084968
000000167003
000000559522
000000370890
000000397212
000000374146
000000411740
000000146584
000000042620
000000022757
000000032674
000000124224
000000091756
000000190718
000000166421
000000052020
000000251589
000000053431
000000330177
000000191261
000000399097
000000388753
000000395520
000000020255
000000442567
000000300444
000000529155
000000428605
000000116956
000000177418
000000366948
000000223288
000000324421
000000378415
000000347135
000000452982
000000409872
000000513093
000000558006
000000336040
000000043809
000000569987
000000267625
000000498986
000000047898
000000254879
000000208648
000000475663
000000095203
000000563989
000000292533
000000204611
000000471039
000000048616
000000460097
000000305667
000000573456
000000311112
000000329386
000000525163
000000282679
000000291165
000000331844
000000011737
000000160834
000000542304
000000400048
000000184355
000000573956
000000371879
000000531798
000000285299
000000082668
000000484579
000000470545
000000353889
000000341714
000000091909
000000000762
000000018148
000000161648
000000409621
000000190723
000000315176
000000420298
000000067565
000000323442
000000036004
000000196116
000000490242
000000014547
000000290062
000000406376
000000100990
000000250054
000000336749
000000048419
000000018975
000000245415
000000100337
000000440735
000000487496
000000038477
000000138246
000000204759
000000541251
000000140976
000000434587
000000371588
000000562819
000000457074
000000050806
000000388034
000000331479
000000248591
000000101053
000000357870
000000477946
000000502134
000000018299
000000579846
000000188087
000000478182
000000517425
000000229893
000000069140
000000171419
000000081611
000000042347
000000267123
000000006811
000000327255
000000493485
000000098390
000000284885
000000163107
000000550690
000000098413
000000481130
000000027710
000000365205
000000178192
000000514563
000000472854
000000266041
000000064890
000000314140
000000000030
000000155253
000000510141
000000319105
000000417273
000000546306
000000224242
000000045031
000000107617
000000140702
000000137396
000000128785
000000099041
000000321491
000000248911
000000100006
000000077660
000000403943
000000407262
000000458420
000000416570
000000450687
000000009469
000000334648
000000408840
000000063943
000000131840
000000156835
000000302282
000000347666
000000056362
000000151324
000000497179
000000377772
000000465601
000000032248
000000264709
000000473632
000000414680
000000083654
000000250401
000000221328
000000129753
000000297724
000000174794
000000083219
000000193469
000000091436
000000558824
000000267628
000000005700
000000053672
000000462075
000000434357
000000138585
000000135763
000000423975
000000200217
000000561121
000000364470
000000181922
000000400887
000000023450
000000299682
000000526565
000000021632
000000320918
000000364911
000000351253
000000393277
000000525226
000000107745
000000229494
000000354978
000000522069
000000168803
000000554081
000000081128
000000558555
000000161777
000000426070
000000179421
000000360604
000000122144
000000221696
000000510290
000000549335
000000196971
000000548273
000000214984
000000136270
000000086560
000000243287
000000049357
000000114886
000000236568
000000132019
000000005139
000000390671
000000017147
000000152668
000000042404
000000130088
000000058184
000000442252
000000031230
000000273276
000000236117
000000498782
000000540503
000000317765
000000263677
000000328797
000000551167
000000551024
000000267813
000000551654
000000233193
000000464719
000000373251
000000103257
000000392290
000000328301
000000334857
000000332607
000000487904
000000036544
000000184532
000000558808
000000293159
000000096986
000000540439
000000516004
000000538682
000000305117
000000556707
000000532809
000000089109
000000493570
000000314570
000000279580
000000019472
000000116622
000000328421
000000248382
000000339781
000000025515
000000341539
000000163394
000000331057
000000001813
000000483992
000000495020
000000055395
000000258998
000000552186
000000183237
000000318241
000000562139
000000172369
000000060483
000000118550
000000063230
000000490870
000000027394
000000156608
000000458048
000000123244
000000501498
000000543407
000000209773
000000170834
000000398697
000000445351
000000506880
000000577980
000000022777
000000160661
000000115070
000000456109
000000362553
000000049378
000000097724
000000086738
000000034246
000000001804
000000387206
000000526912
000000432293
000000118546
000000489739
000000403666
000000377237
000000150769
000000387895
000000099416
000000160273
000000275685
000000451214
000000568155
000000048786
