000000202748
000000504030
000000220743
000000301082
000000180720
000000042285
000000534140
000000009983
000000208172
000000457631
000000134782
000000261202
000000236552
000000044337
000000489622
000000209923
000000483401
000000486543
000000429517
000000118680
000000566502
000000082990
000000408270
000000549928
000000209048
000000019428
000000226559
000000136181
000000483690
000000262495
000000197959
000000248709
000000330909
000000037035
000000510613
000000216603
000000220216
000000457986
000000325385
000000398073
000000490529
000000318385
000000466445
000000389753
000000110794
000000441736
000000273863
000000322405
000000332607
000000364340
000000070755
000000189280
000000287519
000000558189
000000011198
000000243630
000000410810
000000114515
000000137578
000000558798
000000060364
000000511651
000000324611
000000368565
000000493254
000000097146
000000430688
000000206937
000000098987
000000535786
000000004893
000000386580
000000530896
000000161941
000000050636
000000223942
000000038709
000000398157
000000257470
000000066507
000000252411
000000549729
000000570568
000000242539
000000310532
000000250827
000000280873
000000448843
000000227137
000000553865
000000317962
000000132889
000000505086
000000382625
000000243773
000000265447
000000449462
000000524476
000000564098
000000314929
000000308332
000000315200
000000214087
000000127496
000000074332
000000478490
000000189209
000000433389
000000244646
000000046255
000000067261
000000493623
000000344632
000000073782
000000134290
000000124803
000000572795
000000037367
000000457572
000000208379
000000520208
000000077903
000000157714
000000286876
000000441539
000000520975
000000210077
000000272480
000000254787
000000239801
000000435963
000000167910
000000439596
000000534318
000000089735
000000345417
000000378712
000000325475
000000134738
000000287098
000000417373
000000354978
000000048708
000000011313
000000281700
000000087105
000000216194
000000543119
000000392154
000000566385
000000519376
000000224692
000000177860
000000067936
000000194288
000000147122
000000436564
000000349590
000000037688
000000527064
000000416723
000000304827
000000531735
000000287449
000000215002
000000110560
000000104888
000000007944
000000392747
000000384375
000000360277
000000031561
000000096800
000000156740
000000101968
000000464382
000000530905
000000101084
000000343863
000000515216
000000529661
000000035864
000000259434
000000218926
000000274632
000000171081
000000115544
000000176321
000000280731
000000552075
000000545226
000000303368
000000011638
000000209967
000000468162
000000093400
000000085215
000000286778
000000216091
000000148807
000000447543
000000515893
000000562664
000000117137
000000160926
000000175405
000000500273
000000114303
000000124215
000000548550
000000426551
000000129117
000000324032
000000445620
000000281764
000000375208
000000526793
000000190432
000000264250
000000530706
000000130949
000000363217
000000393394
000000179968
000000385674
000000454514
000000331334
000000303431
000000193855
000000214526
000000335459
000000008999
000000418882
000000265176
000000314055
000000420200
000000490923
000000016273
000000561785
000000469638
000000444953
000000574961
000000393303
000000293166
000000234948
000000141509
000000200116
000000520924
000000177090
000000326854
000000509442
000000141065
000000296758
000000406121
000000562160
000000235700
000000040905
000000574138
000000495077
000000341437
000000271038
000000504970
000000571635
000000137861
000000448613
000000131909
000000486345
000000107633
000000331863
000000483179
000000259112
000000093724
000000090520
000000005180
000000442252
000000100519
000000399746
000000298721
000000056608
000000496926
000000320089
000000264805
000000123125
000000228274
000000468203
000000008688
000000053434
000000212058
000000181782
000000275625
000000484281
000000424472
000000047654
000000041838
000000566844
000000495243
000000459111
000000540575
000000561635
000000469795
000000215213
000000089908
000000064909
000000141702
000000529102
000000373662
000000057979
000000501015
000000228953
000000355124
000000510028
000000339643
000000192953
000000178526
000000273082
000000261118
000000445606
000000468585
000000265274
000000355075
000000439651
000000097092
000000566188
000000233093
000000199913
000000033297
000000226913
000000486410
000000213003
000000390895
000000315486
000000190495
000000337528
000000200302
000000139468
000000253031
000000205239
000000554706
000000286162
000000052312
000000311690
000000192652
000000409767
000000019358
000000580406
000000301649
000000256094
000000315702
000000482706
000000468417
000000101355
000000383979
000000399392
000000219861
000000033842
000000306047
000000357471
000000076384
000000340283
000000196168
000000568113
000000545364
000000294744
000000041020
000000434417
000000499829
000000092216
000000353398
000000487914
000000548029
000000139258
000000296064
000000280857
000000093904
000000545114
000000398407
000000041923
000000006415
000000525807
000000314992
000000292905
000000348697
000000022150
000000221846
000000156914
000000349575
000000026725
000000437465
000000358293
000000338949
000000102754
000000044286
000000515136
000000152514
000000224633
000000147586
000000205054
000000328314
000000559859
000000081704
000000124279
000000325873
000000567964
000000090582
000000350468
000000245898
000000284756
000000386295
000000362740
000000214671
000000242076
000000337662
000000268151
000000557695
000000292118
000000316708
000000052756
000000157866
000000399138
000000487571
000000296707
000000308156
000000302094
000000044269
000000357604
000000168812
000000517906
000000312652
000000274537
000000077624
000000395480
000000538691
000000289248
000000363957
000000434118
000000280540
000000496801
000000161812
000000024081
000000511781
000000057166
000000177658
000000091942
000000452498
000000002658
000000578553
000000352316
000000211644
000000292512
000000161777
000000048150
000000338094
000000254410
000000200024
000000097311
000000408431
000000100407
000000373075
000000423337
000000314370
000000117160
000000337883
000000293524
000000253848
000000156320
000000013985
000000197322
000000379678
000000571779
000000075101
000000212685
000000274917
000000323598
000000268628
000000344629
000000414289
000000152531
000000495518
000000104502
000000537220
000000284259
000000460617
000000385005
000000237835
000000538775
000000255797
000000254869
000000067558
000000242505
000000341917
000000256589
000000322594
000000298327
000000063676
000000251798
000000324953
000000060136
000000134589
000000051176
000000258440
000000363078
000000209931
000000549166
000000495460
000000132094
000000295695
000000304125
000000573993
000000383406
000000368746
000000546091
000000338030
000000491845
000000421875
000000233955
000000451213
000000064342
000000152070
000000178962
000000147701
000000475889
000000490939
000000201192
000000194564
000000364487
000000422416
000000444343
000000205108
000000427544
000000160498
000000183151
000000053088
000000219558
000000108548
000000107691
000000172680
000000334328
000000443218
000000334774
000000507215
000000317806
000000070059
000000376959
000000103332
000000272713
000000076846
000000499636
000000578009
000000268067
000000443875
000000440650
000000405777
000000154244
000000345598
000000061203
000000444285
000000330807
000000171201
000000147775
000000540473
000000511693
000000304389
000000233808
000000374017
000000324262
000000003915
000000472581
000000129310
000000401010
000000259136
000000027510
000000332578
000000142689
000000210909
000000315986
000000306258
000000213649
000000431241
000000473771
000000326300
000000271633
000000138153
000000463467
000000205570
000000210404
000000341257
000000045582
000000528938
000000125633
000000220736
000000504046
000000414546
000000397044
000000534183
000000448580
000000392703
000000215675
000000290183
000000040902
000000526898
000000480532
000000533568
000000005830
000000048711
000000383106
000000202906
000000581566
000000478874
000000577809
000000553586
000000297045
000000011264
000000097841
000000248168
000000404997
000000405188
000000375857
000000575594
000000275893
000000195039
000000439774
000000413668
000000506283
000000531552
000000353505
000000512140
000000468796
000000537844
000000403556
000000168440
000000375878
000000135525
000000538064
000000274999
000000055627
000000251343
000000101675
000000573206
000000230735
000000297512
000000497500
000000505188
000000058595
000000356337
000000510977
000000268986
000000089228
000000519320
000000056550
000000058753
000000499700
000000109216
000000150017
000000209012
000000196028
000000284605
000000234684
000000574241
000000571886
000000249275
000000081967
000000257105
000000429679
000000355122
000000473849
000000044767
000000249372
000000154892
000000120792
000000290153
000000141807
000000447985
000000127301
000000140388
000000371137
000000403482
000000444703
000000248005
000000292719
000000504747
000000502495
000000580051
000000054899
000000509110
000000040716
000000268254
000000372381
000000530265
000000207060
000000387678
000000471382
000000441072
000000083147
000000255486
000000410808
000000495528
000000170640
000000550552
000000079367
000000275304
000000329242
000000321007
000000430167
000000290563
000000039470
000000334810
000000184994
000000176318
000000581662
000000383581
000000327468
000000263734
000000101560
000000157230
000000060387
000000426040
000000011172
000000284529
000000397735
000000098447
000000387153
000000420380
000000047559
000000194530
000000030947
000000321583
000000379529
000000269116
000000190829
000000470893
000000096998
000000107571
000000030062
000000059648
000000556554
000000112785
000000400729
000000326075
000000544130
000000511307
000000413510
000000199827
000000048850
000000540664
000000051763
000000317022
000000282707
000000481773
000000398222
000000302855
000000172151
000000266443
000000024714
000000128072
000000432619
000000254225
000000341865
000000382310
000000153380
000000278656
000000404222
000000189893
000000452622
000000323789
000000419145
000000460812
000000064593
000000573753
000000107501
000000098748
000000192655
000000178436
000000523505
000000567036
000000554066
000000417090
000000118563
000000532735
000000282137
000000124347
000000195027
000000309285
000000478835
000000259192
000000492318
000000039770
000000560307
000000532062
000000358297
000000280702
000000371808
000000303534
000000007890
000000006225
000000182575
000000502112
000000170525
000000132362
000000268213
000000465130
000000533364
000000380116
000000218625
000000000165
000000559482
000000538735
000000415429
000000077444
000000480180
000000536055
000000188311
000000290400
000000116663
000000367518
000000306113
000000186205
000000090067
000000238392
000000350206
000000457068
000000246729
000000313285
000000361885
000000203843
000000409821
000000192476
000000426920
000000551169
000000337690
000000302838
000000079506
000000321940
000000352561
000000279948
000000191156
000000264699
000000293353
000000126554
000000573456
000000140179
000000428041
000000110873
000000178770
000000134643
000000514525
000000044989
000000442031
000000459644
000000457335
000000566984
000000373880
000000561454
000000326056
000000162285
000000283190
000000038963
000000254779
000000149604
000000161657
000000565582
000000093403
000000206751
000000455275
000000126141
000000494217
000000310134
000000256713
000000420615
000000507904
000000086932
000000053236
000000182947
000000398174
000000234470
000000533156
000000453680
000000241836
000000325362
000000336892
000000215396
000000388075
000000538196
000000154616
000000089848
000000517515
000000126808
000000214924
000000436515
000000221696
000000405800
000000049017
000000041478
000000407112
000000489815
000000541018
000000527554
000000424225
000000096183
000000094807
000000469793
000000005832
000000443545
000000396304
000000355175
000000141860
000000535768
000000574812
000000454543
000000330513
000000193193
000000313341
000000475621
000000476525
000000020087
000000200133
000000106229
000000308582
000000302528
000000356645
000000279909
000000127167
000000362166
000000237467
000000380842
000000224134
000000279672
000000009113
000000111737
000000063573
000000118743
000000001926
000000248649
000000002531
000000012698
000000159240
000000451336
000000035774
000000422050
000000028288
000000180055
000000216715
000000477497
000000079754
000000010205
000000048601
000000474504
000000077432
000000201738
000000093297
000000346112
000000469914
000000389977
000000563935
000000429460
000000039671
000000020935
000000417766
000000425526
000000525904
000000442666
000000158222
000000135676
000000274337
000000322212
000000062038
000000138904
000000459118
000000122350
000000071271
000000463201
000000555476
000000166848
000000168076
000000440827
000000424083
000000148122
000000540933
000000013525
000000429111
000000502726
000000077050
000000265971
000000406375
000000001732
000000108859
000000342650
000000124383
000000232610
000000094087
000000086435
000000315319
000000478614
000000237677
000000574069
000000140294
000000571920
000000375528
000000112818
000000267189
000000304523
000000399879
000000281017
000000316293
000000289654
000000527056
000000095124
000000106363
000000209027
000000396295
000000374628
000000398494
000000217704
000000372233
000000038314
000000009025
000000201375
000000177440
000000343662
000000035094
000000306089
000000514283
000000136917
000000214725
000000106920
000000199422
000000502395
000000479663
000000049554
000000375143
000000308444
000000485099
000000255248
000000114060
000000068283
000000291390
000000349585
000000266486
000000344555
000000535403
000000245243
000000573973
000000405657
000000072026
000000146963
000000318346
000000278291
000000022636
000000069826
000000262136
000000480467
000000119860
000000389256
000000188343
000000213936
000000395780
000000204969
000000074336
000000437685
000000329239
000000369777
000000452115
000000268190
000000541109
000000535961
000000507301
000000566536
000000361685
000000107147
000000173391
000000515210
000000465123
000000372588
000000413250
000000094717
000000429614
000000130411
000000544408
000000488928
000000427654
000000022194
000000575469
000000399825
000000367951
000000487349
000000151125
000000277990
000000226805
000000447862
000000241100
000000479749
000000488203
000000073174
000000191690
000000556709
000000537444
000000414156
000000244122
000000543534
000000130598
000000019028
000000537687
000000049190
000000219121
000000060464
000000485374
000000324995
000000051630
000000294937
000000533545
000000484476
000000492271
000000540872
000000308257
000000220348
000000050753
000000092729
000000280377
000000431699
000000506802
000000304905
000000571168
000000364484
000000447678
000000021868
000000539507
000000253887
000000497050
000000436023
000000193062
000000304384
000000245209
000000256741
000000097217
000000520039
000000125995
000000462982
000000251723
000000328661
000000374171
000000102029
000000365353
000000109097
000000541212
000000445048
000000570775
000000529345
000000095191
000000166073
000000268569
000000064317
000000088817
000000125036
000000297933
000000278237
000000540834
000000520195
000000031666
000000501758
000000112536
000000258931
000000570963
000000402245
000000047658
000000041895
000000071313
000000363326
000000269532
000000129917
000000263073
000000567254
000000542959
000000321562
000000217080
000000057770
000000196851
000000391401
000000196378
000000455946
000000520902
000000253415
000000567315
000000116067
000000094097
000000253967
000000290174
000000421387
000000405548
000000357659
000000351053
000000577964
000000526414
000000419863
000000014357
000000144580
000000258094
000000354218
000000326410
000000545475
000000410836
000000531350
000000124567
000000490702
000000145642
000000513282
000000471690
000000365659
000000359949
000000495131
000000227010
000000248163
000000115930
000000098927
000000542165
000000155736
000000118925
000000187929
000000153031
000000033979
000000449327
000000542450
000000274399
000000128224
000000218647
000000310061
000000424637
000000326202
000000106909
000000250557
000000570942
000000127119
000000569069
000000371717
000000224531
000000213276
000000487220
000000158933
000000332158
000000117250
000000406560
000000226197
000000218037
000000269303
000000431933
000000095903
000000146121
000000474396
000000090712
000000200343
000000252833
000000053196
000000502179
000000231387
000000356490
000000232315
000000355179
000000317792
000000392991
000000345972
000000488785
000000110393
000000509718
000000268472
000000116480
000000371414
000000182402
000000369499
000000461506
000000430529
000000008439
000000457050
000000374490
000000488632
000000418548
000000362289
000000531331
000000457322
000000095667
000000009658
000000117307
000000510395
000000204667
000000578492
000000384023
000000140617
000000149648
000000456453
000000298139
000000345719
000000197877
000000365983
000000252664
000000319293
000000471865
000000426086
000000119021
000000334809
000000511594
000000322509
000000283405
000000066929
000000310649
000000379360
000000296162
000000478005
000000401201
000000401532
000000159592
000000415232
000000330863
000000302538
000000250868
000000385705
000000303204
000000159926
000000048805
000000432062
000000344264
000000083593
000000227852
000000048417
000000534000
000000462849
000000459912
000000373648
000000037327
000000350930
000000033721
000000430261
000000085092
000000448787
000000575610
000000270443
000000062937
000000040771
000000240784
000000011775
000000048907
000000540999
000000578663
000000271066
000000468129
000000553935
000000507167
000000464800
000000266026
000000261893
000000222180
000000022484
000000465047
000000262514
000000581873
000000082676
000000184052
000000541725
000000399481
000000462785
000000401027
000000442641
000000550652
000000522959
000000303476
000000165854
000000143224
000000207381
000000500622
000000078548
000000039447
000000027191
000000323489
000000498453
000000323252
000000322785
000000238070
000000037011
000000526021
000000402142
000000488151
000000410638
000000377339
000000329940
000000511346
000000294302
000000300629
000000077123
000000071726
000000010720
000000294990
000000130718
000000135538
000000115055
000000307462
000000486250
000000524672
000000481035
000000250227
000000152623
000000489949
000000357759
000000258222
000000309368
000000428000
000000204170
000000565044
000000492954
000000514204
000000559306
000000058482
000000480240
000000495867
000000258023
000000301156
000000391332
000000517068
000000272961
000000481415
000000361149
000000032579
000000048739
000000318203
000000054555
000000104977
000000023219
000000539538
000000045835
000000337443
000000055317
000000437118
000000458654
000000549109
000000560885
000000292526
000000565004
000000257782
000000115859
000000501055
000000290147
000000400123
000000032948
000000079802
000000122563
000000099170
000000341431
000000362184
000000199577
000000445220
000000290684
000000190754
000000363489
000000555715
000000229660
000000159215
000000488541
000000573726
000000421538
000000234383
000000129278
000000326550
000000204473
000000285293
000000523617
000000477226
000000125380
000000126299
000000465404
000000241948
000000235176
000000304853
000000025374
000000487333
000000338693
000000312937
000000006253
000000471453
000000539216
000000002106
000000279241
000000567557
000000096884
000000554651
000000233439
000000546940
000000499837
000000302928
000000297191
000000446827
000000197628
000000421005
000000449132
000000554561
000000362745
000000479698
000000237427
000000460031
000000390269
000000317592
000000397543
000000363171
000000473144
000000125836
000000530160
000000091378
000000499026
000000256286
000000158272
000000001622
000000015303
000000022652
000000153985
000000304757
000000409303
000000104999
000000167962
000000458969
000000201324
000000465605
000000031202
000000208151
000000275130
000000019385
000000579751
000000520636
000000479707
000000199951
000000265719
000000198658
000000403592
000000234395
000000581697
000000026995
000000104081
000000008383
000000419828
000000189706
000000236186
000000523189
000000421103
000000227652
000000244442
000000162343
000000237428
000000038572
000000050256
000000388064
000000229247
000000172012
000000392715
000000348134
000000438965
000000058547
000000214764
000000174329
000000413088
000000390806
000000457214
000000378194
000000293304
000000497622
000000116625
000000086239
000000272129
000000273442
000000268622
000000163707
000000551757
000000024239
000000014329
000000560439
000000249839
000000084277
000000223123
000000121349
000000292232
000000324817
000000205512
000000576155
000000026302
000000358242
000000029482
000000505645
000000456223
000000082059
000000445745
000000271795
000000209195
000000034645
000000509054
000000566729
000000255784
000000111129
000000144505
000000376524
000000261050
000000117789
000000249132
000000085036
000000000294
000000526071
000000532732
000000353509
000000414706
000000079156
000000475998
000000151637
000000523318
000000536933
000000303392
000000103166
000000136928
000000251072
000000393735
000000345245
000000235429
000000289392
000000371283
000000053347
000000512780
000000244424
000000179850
000000038606
000000435445
000000166716
000000035671
000000403249
000000511279
000000133456
000000115345
000000183412
000000024730
000000011987
000000090196
000000104327
000000336286
000000051272
000000443589
000000472502
000000374448
000000295524
000000340491
000000374629
000000301747
000000436646
000000546480
000000396743
000000510842
000000005312
000000013294
000000085434
000000359442
000000398138
000000449638
000000225041
000000061676
000000396284
000000369041
000000026226
000000419265
000000355119
000000215889
000000405133
000000400925
000000552267
000000407607
000000153013
000000421623
000000030995
000000363038
000000267704
000000370568
000000554410
000000568508
000000455342
000000107001
000000090872
000000502338
000000149731
000000287531
000000569774
000000114184
000000272242
000000512829
000000255910
000000232394
000000029656
000000018366
000000484908
000000051866
000000349068
000000008431
000000075603
000000382413
000000139887
000000263512
000000148309
000000121452
000000268785
000000096402
000000277321
000000478683
000000173631
000000432397
000000529780
000000341892
000000176527
000000208698
000000322145
000000069863
000000372759
000000085383
000000370945
000000358307
000000552221
000000281972
000000302806
000000026635
000000428403
000000476344
000000224217
000000324894
000000150893
000000363460
000000368459
000000551651
000000145921
000000559159
000000521572
000000556560
000000307731
000000191716
000000100909
000000492151
000000563065
000000173595
000000451278
000000443075
000000120717
000000142262
000000415163
000000407674
000000560332
000000349433
000000300579
000000168430
000000410724
000000039106
000000313735
000000409135
000000101038
000000365237
000000177957
000000526887
000000000510
000000509971
000000521772
000000429514
000000091796
000000308180
000000065440
000000020177
000000293319
000000569536
000000053275
000000067307
000000481370
000000264233
000000185302
000000147973
000000002346
000000541267
000000420414
000000444895
000000363117
000000006860
000000317320
000000416610
000000459265
000000293272
000000521070
000000453221
000000428241
000000300470
000000214676
000000113668
000000413141
000000312668
000000253413
000000456505
000000292596
000000207354
000000145831
000000568089
000000543547
000000214658
000000134016
000000395717
000000178157
000000438878
000000383419
000000475774
000000480977
000000445761
000000401617
000000456425
000000483375
000000534314
000000212429
000000450362
000000154877
000000514915
000000527858
000000245717
000000073783
000000108865
000000196681
000000003320
000000115804
000000355789
000000415794
000000197471
000000364160
000000486178
000000526737
000000148197
000000292302
000000384823
000000194456
000000354278
000000329766
000000415746
000000340529
000000036533
000000528937
000000399354
000000477473
000000133697
000000087851
000000453400
000000132272
000000529226
000000419143
000000337843
000000315491
000000136014
000000365069
000000445007
000000105079
000000555640
000000563067
000000306069
000000139390
000000043530
000000129379
000000327318
000000491508
000000450607
000000209162
000000134255
000000064751
000000473137
000000563676
000000175359
000000363845
000000271032
000000475244
000000334790
000000342442
000000316936
000000193042
000000108472
000000327413
000000393928
000000069827
000000349103
000000052011
000000342049
000000000074
000000121263
000000095832
000000226890
000000446147
000000549635
000000029911
000000228234
000000160102
000000099308
000000079841
000000332545
000000047481
000000453037
000000580041
000000542925
000000076170
000000018252
000000138501
000000051200
000000544601
000000410175
000000463354
000000188482
000000084829
000000287512
000000562071
000000409824
000000435358
000000091891
000000242915
000000226748
000000420589
000000388935
000000005595
000000149566
000000500434
000000580255
000000271943
000000085353
000000306415
000000265407
000000140686
000000246056
000000452205
000000473095
000000045687
000000232049
000000385913
000000299496
000000184319
000000436967
000000182673
000000363541
000000016285
000000166940
000000560632
000000519905
000000160159
000000382848
000000259665
000000003483
000000455211
000000222688
000000510900
000000299443
000000181551
000000449870
000000243787
000000124243
000000266071
000000431152
000000158915
000000314336
000000008016
000000167482
000000242964
000000126524
000000369470
000000270956
000000318780
000000440344
000000453989
000000131927
000000481732
000000068648
000000315705
000000302222
000000097530
000000428663
000000514049
000000158964
000000480644
000000088241
000000246447
000000300368
000000039708
000000271780
000000455948
000000050354
000000303891
000000528782
000000054348
000000288054
000000126748
000000041132
000000563015
000000370493
000000433927
000000509985
000000497610
000000426016
000000062759
000000364032
000000501902
000000049977
000000191972
000000478391
000000317804
000000040842
000000430522
000000023015
000000085340
000000548933
000000479651
000000282006
000000367018
000000298689
000000170130
000000577783
000000354932
000000307671
000000539265
000000246376
000000279279
000000104137
000000153397
000000356092
000000557016
000000201637
000000056435
000000324979
000000422341
000000274012
000000497593
000000290114
000000047743
000000372833
000000089356
000000416570
000000333808
000000572802
000000457054
000000360991
000000263866
000000529500
000000172616
000000468005
000000304295
000000030992
000000274549
000000094877
000000337193
000000032126
000000284535
000000263453
000000074656
000000099583
000000336802
000000438091
000000271771
000000114348
000000279648
000000359868
000000500139
000000557291
000000067631
000000233575
000000399666
000000515098
000000040926
000000099724
000000239915
000000514464
000000431707
000000538581
000000127405
000000368160
000000340152
000000061144
000000138961
000000205023
000000478839
000000114269
000000453765
000000282527
000000004823
000000183435
000000285395
000000175978
000000099041
000000320391
000000020421
000000015267
000000500005
000000457693
000000272807
000000372460
000000568502
000000083586
000000538194
000000197199
000000352585
000000542589
000000233383
000000477580
000000526734
000000561487
000000500784
000000282926
000000313953
000000561186
000000556279
000000296760
000000134548
000000562622
000000343739
000000027005
000000305905
000000145375
000000103642
000000080526
000000404545
000000452982
000000518646
000000293382
000000149588
000000468541
000000518899
000000188630
000000568358
000000165833
000000548253
000000110019
000000360399
000000520553
000000378048
000000145361
000000541072
000000028149
000000350878
000000574095
000000515871
000000364299
000000503464
000000529597
000000180253
000000134858
000000515234
000000016113
000000276323
000000299295
000000335119
000000273866
000000055768
000000208623
000000493941
000000188440
000000412657
000000283246
000000222369
000000205573
000000372618
000000009677
000000479946
000000421109
000000228380
000000107770
000000215577
000000209904
000000497797
000000462517
000000520590
000000495155
000000353610
000000449490
000000543877
000000185902
000000291780
000000283254
000000343696
000000499281
000000480629
000000467854
000000432419
000000492214
000000001999
000000481354
000000577719
000000350688
000000129339
000000037595
000000501439
000000576253
000000295426
000000473199
000000195233
000000106810
000000291724
000000391748
000000288039
000000383828
000000048772
000000128428
000000425216
000000157526
000000401884
000000470811
000000097023
000000447379
000000165773
000000274091
000000309139
000000425647
000000304689
000000119423
000000202681
000000272343
000000405316
000000401123
000000151231
000000018529
000000407505
000000391747
000000037968
000000045186
000000374357
000000301605
000000532194
000000169389
000000364312
000000171269
000000115218
000000131487
000000570465
000000152633
000000103584
000000567858
000000512501
000000309781
000000230503
000000316142
000000106739
000000535355
000000142229
000000031829
000000250165
000000324497
000000345288
000000393241
000000010621
000000123176
000000465275
000000016308
000000343619
000000189168
000000040658
000000421884
000000459736
000000234986
000000151049
000000191615
000000439386
000000304483
000000084386
000000460125
000000475735
000000182098
000000180889
000000235319
000000510527
000000347048
000000092557
000000296684
000000498449
000000441576
000000173096
000000454206
000000442431
000000161202
000000306451
000000015156
000000484467
000000147712
000000232387
000000400994
000000562253
000000044813
000000492399
000000484369
000000055135
000000460938
000000167270
000000451493
000000060904
000000175353
000000353899
000000129610
000000339177
000000221438
000000308687
000000103447
000000516189
000000172322
000000391258
000000463533
000000033377
000000183427
000000447639
000000352709
000000111845
000000021693
000000461189
000000105531
000000340923
000000024247
000000416523
000000356920
000000554537
000000167642
000000250771
000000142969
000000054761
000000254074
000000114886
000000570680
000000378146
000000189371
000000246026
000000156833
000000321709
000000552276
000000075576
000000279580
000000212450
000000442414
000000447224
000000294787
000000231295
000000006593
000000544698
000000453191
000000189951
000000172784
000000157356
000000140307
000000552852
000000191169
000000172020
000000063796
000000034151
000000571245
000000396495
000000328962
000000294407
000000538990
000000358265
000000439883
000000480416
000000168571
000000392684
000000229658
000000457725
000000046571
000000035936
000000107584
000000135989
000000014938
000000218119
000000247366
000000143164
000000363527
000000452236
000000540471
000000465489
000000514131
000000488505
000000265356
000000312961
000000516913
000000487340
000000139763
000000026775
000000095409
000000393325
000000396642
000000304889
000000498982
000000394713
000000128172
000000282431
000000320129
000000045105
000000360605
000000070288
000000351193
000000189361
000000517623
000000183171
000000047752
000000165438
000000283060
000000402077
000000206082
000000447879
000000531324
000000124133
000000099119
000000430345
000000080207
000000178413
000000527337
000000326689
000000393699
000000466921
000000561005
000000442026
000000144906
000000573750
000000223875
000000416088
000000231655
000000482177
000000324413
000000008923
000000506130
000000225124
000000350326
000000127990
000000151934
000000007455
000000088759
000000507889
000000068812
000000080541
000000564332
000000120806
000000045558
000000030566
000000205883
000000437102
000000296106
000000001166
000000005713
000000268274
000000412363
000000077873
000000541493
000000327063
000000410245
000000238263
000000257887
000000409316
000000077292
000000476754
000000523681
000000387173
000000363349
000000377706
000000266622
000000470621
000000517947
000000569872
000000527207
000000420300
000000026041
000000474699
000000153205
000000530211
000000509520
000000275976
000000574697
000000277436
000000079445
000000395281
000000464207
000000421202
000000053725
000000473910
000000470618
000000241530
000000128290
000000011426
000000275038
000000379272
000000526126
000000361659
000000358070
000000139549
000000289211
000000050750
000000563948
000000428267
000000027974
000000467113
000000578197
000000277406
000000023793
000000032375
000000297171
000000157186
000000364806
000000007954
000000497177
000000303731
000000213555
000000298138
000000034563
000000553709
000000410266
000000418606
000000339307
000000223601
000000075818
000000572826
000000432956
000000528257
000000569775
000000452058
000000187167
000000256308
000000495156
000000567972
000000462549
000000271495
000000550481
000000318468
000000230614
000000147551
000000561437
000000022116
000000525909
000000022890
000000108442
000000342075
000000506945
000000211956
000000227318
000000550355
000000002896
000000139163
000000329175
000000274916
000000286719
000000000589
000000008646
000000405246
000000469996
000000131678
000000312137
000000254807
000000084800
000000557102
000000113556
000000164786
000000103935
000000006760
000000424607
000000444578
000000550306
000000487607
000000563870
000000336897
000000322843
000000033838
000000133090
000000466533
000000358653
000000060402
000000070854
000000510493
000000041180
000000322604
000000546191
000000292338
000000404349
000000163031
000000110269
000000082462
000000553849
000000085787
000000270659
000000446900
000000139065
000000049257
000000429924
000000137849
000000429644
000000223992
000000108810
000000387603
000000049586
000000395409
000000030731
000000578331
000000049720
000000192290
000000186589
000000065162
000000311683
000000260604
000000365569
000000416973
000000121260
000000099293
000000498045
000000028858
000000491597
000000219735
000000181963
000000112995
000000132121
000000429688
000000317367
000000469046
000000557188
000000105960
000000393108
000000383407
000000509379
000000475882
000000423215
000000147913
000000066381
000000137238
000000017004
000000085752
000000549650
000000045367
000000278418
000000220339
000000101969
000000251439
000000170605
000000326190
000000015198
000000352892
000000205232
000000266600
000000386333
000000384960
000000580862
000000495712
000000129737
000000022129
000000170731
000000486605
000000431827
000000048737
000000082565
000000578683
000000279809
000000389320
000000129439
000000091886
000000064148
000000259952
000000354229
000000273052
000000320428
000000547846
000000066468
000000424284
000000300200
000000409116
000000097899
000000284338
000000176136
000000105303
000000549709
000000274123
000000175281
000000514676
000000166549
000000216618
000000263873
000000179615
000000290398
000000117112
000000517128
000000287035
000000047105
000000012115
000000443829
000000208994
000000229666
000000487225
000000248797
000000128245
000000347253
000000451211
000000347172
000000462993
000000181079
000000537412
000000551036
000000573568
000000017376
000000338719
000000574077
000000290261
000000090149
000000551608
000000405873
000000396455
000000313948
000000437206
000000042024
000000312480
000000508030
000000235464
000000494202
000000385837
000000198947
000000003325
000000516346
000000419410
000000292663
000000412963
000000455770
000000023480
000000419439
000000410632
000000512424
000000301746
000000349472
000000369452
000000277070
000000208476
000000117319
000000063084
000000550278
000000276460
000000280215
000000546702
000000353320
000000438987
000000313057
000000484278
000000316429
000000318241
000000383737
000000483446
000000326898
000000537656
000000534903
000000289716
000000072110
000000237241
000000316332
000000377019
000000288180
000000061048
000000475258
000000139561
000000434006
000000007211
000000475306
000000145722
000000133680
000000563447
000000511276
000000061735
000000516553
000000331031
